00   1.00000000e-05 
01   1.58489319e-05 
02   2.51188643e-05 
03   3.98107171e-05
04   6.30957344e-05 
05   1.00000000e-04 
06   1.58489319e-04 
07   2.51188643e-04
08   3.98107171e-04 
09   6.30957344e-04 
10   1.00000000e-03 
11   1.58489319e-03
12   2.51188643e-03 
13   3.98107171e-03 
14   6.30957344e-03 
15   1.00000000e-02
16   1.58489319e-02 
17   2.51188643e-02 
18   3.98107171e-02 
19   6.30957344e-02
20   1.00000000e-01 
21   1.58489319e-01 
22   2.51188643e-01 
23   3.98107171e-01
24   6.30957344e-01 
25   1.00000000e+00 
26   1.58489319e+00 
27   2.51188643e+00
28   3.98107171e+00 
29   6.30957344e+00 
30   1.00000000e+01 
31   1.58489319e+01
32   2.51188643e+01 
33   3.98107171e+01 
34   6.30957344e+01 
35   1.00000000e+02
36   1.58489319e+02 
37   2.51188643e+02 
38   3.98107171e+02 
39   6.30957344e+02
40   1.00000000e+03
