# rau, sigma_d, hdust
1.008387e-01 5.013896e+01 6.281194e-04
1.025302e-01 4.972366e+01 6.413164e-04
1.042501e-01 4.931179e+01 6.547907e-04
1.059988e-01 4.890334e+01 6.685481e-04
1.077769e-01 4.849827e+01 6.825946e-04
1.095847e-01 4.809655e+01 6.969361e-04
1.114229e-01 4.769817e+01 7.115790e-04
1.132920e-01 4.730308e+01 7.265296e-04
1.151924e-01 4.691126e+01 7.417943e-04
1.171246e-01 4.652269e+01 7.573797e-04
1.190893e-01 4.613734e+01 7.732926e-04
1.210870e-01 4.575518e+01 7.895398e-04
1.231181e-01 4.537619e+01 8.061284e-04
1.251833e-01 4.500034e+01 8.230655e-04
1.272832e-01 4.462759e+01 8.403585e-04
1.294183e-01 4.425794e+01 8.580149e-04
1.315892e-01 4.389135e+01 8.760422e-04
1.337965e-01 4.352779e+01 8.944483e-04
1.360408e-01 4.316725e+01 9.132411e-04
1.383228e-01 4.280969e+01 9.324288e-04
1.406431e-01 4.245510e+01 9.520196e-04
1.430022e-01 4.210344e+01 9.720220e-04
1.454010e-01 4.175469e+01 9.924447e-04
1.478400e-01 4.140883e+01 1.013297e-03
1.503199e-01 4.106584e+01 1.034587e-03
1.528414e-01 4.072569e+01 1.056324e-03
1.554052e-01 4.038836e+01 1.078518e-03
1.580120e-01 4.005382e+01 1.101178e-03
1.606626e-01 3.972205e+01 1.124314e-03
1.633576e-01 3.939303e+01 1.147937e-03
1.660978e-01 3.906673e+01 1.172056e-03
1.688839e-01 3.874314e+01 1.196681e-03
1.717169e-01 3.842223e+01 1.221825e-03
1.745973e-01 3.810397e+01 1.247496e-03
1.775260e-01 3.778835e+01 1.273707e-03
1.805039e-01 3.747535e+01 1.300468e-03
1.835317e-01 3.716494e+01 1.327792e-03
1.866103e-01 3.685710e+01 1.355689e-03
1.897406e-01 3.655181e+01 1.384173e-03
1.929233e-01 3.624905e+01 1.413256e-03
1.961595e-01 3.594879e+01 1.442949e-03
1.994499e-01 3.565103e+01 1.473267e-03
2.027956e-01 3.535573e+01 1.504221e-03
2.061973e-01 3.506287e+01 1.535826e-03
2.096561e-01 3.477244e+01 1.568095e-03
2.131729e-01 3.448442e+01 1.601042e-03
2.167488e-01 3.419878e+01 1.634681e-03
2.203846e-01 3.391551e+01 1.669027e-03
2.240814e-01 3.363459e+01 1.704094e-03
2.278402e-01 3.335599e+01 1.739898e-03
2.316620e-01 3.307970e+01 1.776455e-03
2.355480e-01 3.280570e+01 1.813780e-03
2.394991e-01 3.253397e+01 1.851889e-03
2.435166e-01 3.226448e+01 1.890798e-03
2.476014e-01 3.199724e+01 1.930525e-03
2.517547e-01 3.173220e+01 1.971087e-03
2.559777e-01 3.146936e+01 2.012501e-03
2.602715e-01 3.120870e+01 2.054786e-03
2.646374e-01 3.095019e+01 2.097959e-03
2.690765e-01 3.069383e+01 2.142038e-03
2.735901e-01 3.043959e+01 2.187044e-03
2.781794e-01 3.018746e+01 2.232996e-03
2.828456e-01 2.993741e+01 2.279913e-03
2.875901e-01 2.968944e+01 2.327816e-03
2.924143e-01 2.944352e+01 2.376726e-03
2.973193e-01 2.919964e+01 2.426663e-03
3.023066e-01 2.895777e+01 2.477649e-03
3.073776e-01 2.871791e+01 2.529707e-03
3.125336e-01 2.848004e+01 2.582858e-03
3.177762e-01 2.824414e+01 2.637126e-03
3.231066e-01 2.801019e+01 2.692535e-03
3.285265e-01 2.777818e+01 2.749107e-03
3.340373e-01 2.754809e+01 2.806868e-03
3.396405e-01 2.731991e+01 2.865843e-03
3.453378e-01 2.709361e+01 2.926057e-03
3.511305e-01 2.686920e+01 2.987537e-03
3.570205e-01 2.664664e+01 3.050308e-03
3.630093e-01 2.642592e+01 3.114397e-03
3.690985e-01 2.620703e+01 3.179834e-03
3.752898e-01 2.598996e+01 3.246645e-03
3.815851e-01 2.577468e+01 3.314860e-03
3.879859e-01 2.556119e+01 3.384509e-03
3.944941e-01 2.534946e+01 3.455621e-03
4.011114e-01 2.513949e+01 3.528227e-03
4.078398e-01 2.493126e+01 3.602358e-03
4.146810e-01 2.472475e+01 3.678047e-03
4.216370e-01 2.451995e+01 3.755327e-03
4.287096e-01 2.431685e+01 3.834230e-03
4.359009e-01 2.411543e+01 3.914791e-03
4.432128e-01 2.391568e+01 3.997045e-03
4.506474e-01 2.371759e+01 4.081027e-03
4.582067e-01 2.352113e+01 4.166773e-03
4.658928e-01 2.332631e+01 4.254321e-03
4.737078e-01 2.313309e+01 4.343709e-03
4.816539e-01 2.294148e+01 4.434975e-03
4.897333e-01 2.275145e+01 4.528158e-03
4.979482e-01 2.256300e+01 4.623299e-03
5.063009e-01 2.237611e+01 4.720440e-03
5.147938e-01 2.219077e+01 4.819621e-03
5.234291e-01 2.200696e+01 4.920887e-03
5.322092e-01 2.182468e+01 5.024280e-03
5.411366e-01 2.164390e+01 5.129845e-03
5.502138e-01 2.146462e+01 5.237629e-03
5.594432e-01 2.128683e+01 5.347677e-03
5.688275e-01 2.111051e+01 5.460037e-03
5.783692e-01 2.093565e+01 5.574759e-03
5.880709e-01 2.076224e+01 5.691891e-03
5.979354e-01 2.059026e+01 5.811483e-03
6.079653e-01 2.041971e+01 5.933589e-03
6.181635e-01 2.025057e+01 6.058260e-03
6.285327e-01 2.008284e+01 6.185551e-03
6.390759e-01 1.991649e+01 6.315516e-03
6.497959e-01 1.975152e+01 6.448213e-03
6.606958e-01 1.958792e+01 6.583697e-03
6.717785e-01 1.942567e+01 6.722028e-03
6.830471e-01 1.926476e+01 6.863265e-03
6.945047e-01 1.910519e+01 7.007470e-03
7.061545e-01 1.894694e+01 7.154705e-03
7.179997e-01 1.879000e+01 7.305033e-03
7.300437e-01 1.863436e+01 7.458521e-03
7.422896e-01 1.848001e+01 7.615233e-03
7.547410e-01 1.832694e+01 7.775238e-03
7.674012e-01 1.817514e+01 7.938604e-03
7.802738e-01 1.802459e+01 8.105404e-03
7.933624e-01 1.787529e+01 8.275708e-03
8.066704e-01 1.772723e+01 8.449590e-03
8.202018e-01 1.758040e+01 8.627126e-03
8.339601e-01 1.743478e+01 8.808392e-03
8.479491e-01 1.729036e+01 8.993466e-03
8.621729e-01 1.714714e+01 9.182430e-03
8.766352e-01 1.700511e+01 9.375364e-03
8.913401e-01 1.686426e+01 9.572351e-03
9.062917e-01 1.672457e+01 9.773478e-03
9.214941e-01 1.658604e+01 9.978830e-03
9.369515e-01 1.644866e+01 1.018850e-02
9.526682e-01 1.631241e+01 1.040257e-02
9.686485e-01 1.617729e+01 1.062114e-02
9.848969e-01 1.604330e+01 1.084430e-02
1.001418e+00 1.591041e+01 1.107216e-02
1.018216e+00 1.577862e+01 1.130480e-02
1.035296e+00 1.564793e+01 1.154232e-02
1.052662e+00 1.551831e+01 1.178484e-02
1.070320e+00 1.538977e+01 1.203246e-02
1.088274e+00 1.526230e+01 1.228527e-02
1.106529e+00 1.513588e+01 1.254340e-02
1.125090e+00 1.501051e+01 1.280695e-02
1.143962e+00 1.488618e+01 1.307604e-02
1.163151e+00 1.476287e+01 1.335079e-02
1.182662e+00 1.464059e+01 1.363130e-02
1.202501e+00 1.451932e+01 1.391771e-02
1.222672e+00 1.439906e+01 1.421014e-02
1.243181e+00 1.427979e+01 1.450872e-02
1.264035e+00 1.416151e+01 1.481356e-02
1.285238e+00 1.404421e+01 1.512481e-02
1.306797e+00 1.392788e+01 1.544261e-02
1.328718e+00 1.381251e+01 1.576707e-02
1.351006e+00 1.369810e+01 1.609836e-02
1.373668e+00 1.358464e+01 1.643661e-02
1.396710e+00 1.347212e+01 1.678196e-02
1.420139e+00 1.336053e+01 1.713457e-02
1.443961e+00 1.324986e+01 1.749459e-02
1.468182e+00 1.314011e+01 1.786218e-02
1.492810e+00 1.303127e+01 1.823748e-02
1.517851e+00 1.292333e+01 1.862068e-02
1.543312e+00 1.281629e+01 1.901192e-02
1.569200e+00 1.271013e+01 1.941139e-02
1.595522e+00 1.260485e+01 1.981925e-02
1.622285e+00 1.250044e+01 2.023567e-02
1.649498e+00 1.239690e+01 2.066085e-02
1.677167e+00 1.229421e+01 2.109496e-02
1.705301e+00 1.219238e+01 2.153820e-02
1.733906e+00 1.209139e+01 2.199074e-02
1.762991e+00 1.199124e+01 2.245280e-02
1.792564e+00 1.189191e+01 2.292456e-02
1.822633e+00 1.179341e+01 2.340623e-02
1.853206e+00 1.169572e+01 2.389803e-02
1.884292e+00 1.159885e+01 2.440016e-02
1.915900e+00 1.150277e+01 2.491284e-02
1.948038e+00 1.140750e+01 2.543629e-02
1.980715e+00 1.131301e+01 2.597074e-02
2.013940e+00 1.121930e+01 2.651642e-02
2.047722e+00 1.112637e+01 2.707357e-02
2.082071e+00 1.103421e+01 2.764242e-02
2.116996e+00 1.094281e+01 2.822322e-02
2.152507e+00 1.085217e+01 2.881623e-02
2.188614e+00 1.076228e+01 2.942170e-02
2.225327e+00 1.067314e+01 3.003989e-02
2.262655e+00 1.058473e+01 3.067107e-02
2.300609e+00 1.049706e+01 3.131551e-02
2.339200e+00 1.041011e+01 3.197349e-02
2.378439e+00 1.032388e+01 3.264530e-02
2.418335e+00 1.023837e+01 3.333122e-02
2.458901e+00 1.015356e+01 3.403155e-02
2.500147e+00 1.006946e+01 3.474660e-02
2.542085e+00 9.986054e+00 3.547668e-02
2.584727e+00 9.903339e+00 3.622209e-02
2.628084e+00 9.821309e+00 3.698317e-02
2.672168e+00 9.739958e+00 3.776023e-02
2.716992e+00 9.659281e+00 3.855363e-02
2.762568e+00 9.579273e+00 3.936369e-02
2.808908e+00 9.499927e+00 4.019078e-02
2.856025e+00 9.421238e+00 4.103524e-02
2.903933e+00 9.343201e+00 4.189745e-02
2.952644e+00 9.265811e+00 4.277778e-02
3.002173e+00 9.189061e+00 4.367660e-02
3.052532e+00 9.112948e+00 4.459430e-02
3.103736e+00 9.037464e+00 4.553129e-02
3.155799e+00 8.962606e+00 4.648797e-02
3.208735e+00 8.888368e+00 4.746474e-02
3.262559e+00 8.814745e+00 4.846204e-02
3.317286e+00 8.741732e+00 4.948030e-02
3.372931e+00 8.669324e+00 5.051995e-02
3.429510e+00 8.597515e+00 5.158145e-02
3.487037e+00 8.526301e+00 5.266524e-02
3.545530e+00 8.455677e+00 5.377182e-02
3.605004e+00 8.385638e+00 5.490164e-02
3.665475e+00 8.316179e+00 5.605520e-02
3.726961e+00 8.247296e+00 5.723300e-02
3.789478e+00 8.178983e+00 5.843554e-02
3.853044e+00 8.111236e+00 5.966336e-02
3.917676e+00 8.044050e+00 6.091697e-02
3.983392e+00 7.977420e+00 6.219692e-02
4.050210e+00 7.911343e+00 6.350377e-02
4.118150e+00 7.845812e+00 6.483807e-02
4.187229e+00 7.780825e+00 6.620041e-02
4.257466e+00 7.716376e+00 6.759138e-02
4.328882e+00 7.652460e+00 6.901157e-02
4.401496e+00 7.589075e+00 7.046160e-02
4.475328e+00 7.526214e+00 7.194210e-02
4.550398e+00 7.463873e+00 7.345371e-02
4.626728e+00 7.402050e+00 7.499708e-02
4.704338e+00 7.340738e+00 7.657287e-02
4.783250e+00 7.279934e+00 7.818178e-02
4.863486e+00 7.219634e+00 7.982449e-02
4.945067e+00 7.159833e+00 8.150172e-02
5.028017e+00 7.100528e+00 8.321419e-02
5.112358e+00 7.041713e+00 8.496264e-02
5.198114e+00 6.983386e+00 8.674783e-02
5.285309e+00 6.925542e+00 8.857052e-02
5.373966e+00 6.868178e+00 9.043152e-02
5.464111e+00 6.811288e+00 9.233162e-02
5.555767e+00 6.754869e+00 9.427164e-02
5.648961e+00 6.698918e+00 9.625242e-02
5.743718e+00 6.643431e+00 9.827483e-02
5.840065e+00 6.588403e+00 1.003397e-01
5.938028e+00 6.533830e+00 1.024480e-01
6.037634e+00 6.479710e+00 1.046006e-01
6.138911e+00 6.426038e+00 1.067984e-01
6.241887e+00 6.372811e+00 1.090424e-01
6.346590e+00 6.320024e+00 1.113335e-01
6.453049e+00 6.267675e+00 1.136728e-01
6.561295e+00 6.215760e+00 1.160612e-01
6.671356e+00 6.164274e+00 1.184999e-01
6.783263e+00 6.113215e+00 1.209897e-01
6.897047e+00 6.062579e+00 1.235319e-01
7.012740e+00 6.012362e+00 1.261275e-01
7.130374e+00 5.962561e+00 1.287776e-01
7.249981e+00 5.913173e+00 1.314834e-01
7.371594e+00 5.864193e+00 1.342461e-01
7.495247e+00 5.815620e+00 1.370668e-01
7.620974e+00 5.767449e+00 1.399468e-01
7.748811e+00 5.719676e+00 1.428872e-01
7.878791e+00 5.672300e+00 1.458895e-01
8.010952e+00 5.625316e+00 1.489549e-01
8.145330e+00 5.578721e+00 1.520846e-01
8.281962e+00 5.532512e+00 1.552802e-01
8.420886e+00 5.486686e+00 1.585428e-01
8.562141e+00 5.441239e+00 1.618740e-01
8.705764e+00 5.396169e+00 1.652753e-01
8.851797e+00 5.351472e+00 1.687479e-01
9.000280e+00 5.307145e+00 1.722936e-01
9.151253e+00 5.263186e+00 1.759137e-01
9.304759e+00 5.219590e+00 1.796099e-01
9.460839e+00 5.176356e+00 1.833838e-01
9.619538e+00 5.133480e+00 1.872370e-01
9.780899e+00 5.090959e+00 1.911711e-01
9.944966e+00 5.048790e+00 1.951879e-01
1.011179e+01 5.006971e+00 1.992891e-01
1.028140e+01 4.965498e+00 2.034765e-01
1.045387e+01 4.924368e+00 2.077518e-01
1.062922e+01 4.883579e+00 2.121170e-01
1.080752e+01 4.843128e+00 2.165739e-01
1.098881e+01 4.803012e+00 2.211244e-01
1.117314e+01 4.763228e+00 2.257706e-01
1.136056e+01 4.723774e+00 2.305144e-01
1.155112e+01 4.684647e+00 2.353578e-01
1.174489e+01 4.645843e+00 2.403030e-01
1.194190e+01 4.607362e+00 2.453522e-01
1.214222e+01 4.569198e+00 2.505074e-01
1.234589e+01 4.531351e+00 2.557709e-01
1.255299e+01 4.493818e+00 2.611451e-01
1.276355e+01 4.456595e+00 2.666321e-01
1.297765e+01 4.419681e+00 2.722345e-01
1.319534e+01 4.383072e+00 2.779545e-01
1.341669e+01 4.346767e+00 2.837948e-01
1.364174e+01 4.310762e+00 2.897577e-01
1.387057e+01 4.275056e+00 2.958460e-01
1.410324e+01 4.239645e+00 3.020621e-01
1.433981e+01 4.204528e+00 3.084089e-01
1.458035e+01 4.169702e+00 3.148891e-01
1.482493e+01 4.135164e+00 3.215054e-01
1.507360e+01 4.100912e+00 3.282607e-01
1.532645e+01 4.066944e+00 3.351579e-01
1.558354e+01 4.033257e+00 3.422001e-01
1.584495e+01 3.999849e+00 3.493903e-01
1.611073e+01 3.966718e+00 3.567315e-01
1.638098e+01 3.933861e+00 3.642270e-01
1.665576e+01 3.901277e+00 3.718799e-01
1.693515e+01 3.868962e+00 3.796937e-01
1.721922e+01 3.836916e+00 3.876716e-01
1.750806e+01 3.805134e+00 3.958172e-01
1.780175e+01 3.773616e+00 4.041339e-01
1.810036e+01 3.742359e+00 4.126254e-01
1.840398e+01 3.711360e+00 4.212953e-01
1.871269e+01 3.680619e+00 4.301474e-01
1.902658e+01 3.650132e+00 4.391854e-01
1.934574e+01 3.619898e+00 4.484134e-01
1.967025e+01 3.589914e+00 4.578352e-01
2.000021e+01 3.560178e+00 4.674551e-01
2.033569e+01 3.530689e+00 4.772770e-01
2.067681e+01 3.501444e+00 4.873053e-01
2.102365e+01 3.472441e+00 4.975444e-01
2.137631e+01 3.443679e+00 5.079985e-01
2.173488e+01 3.415155e+00 5.186724e-01
2.209946e+01 3.386867e+00 5.295705e-01
2.247017e+01 3.358813e+00 5.406976e-01
2.284709e+01 3.330992e+00 5.520585e-01
2.323033e+01 3.303401e+00 5.636581e-01
2.362000e+01 3.276039e+00 5.755014e-01
2.401621e+01 3.248903e+00 5.875936e-01
2.441907e+01 3.221992e+00 5.999398e-01
2.482868e+01 3.195304e+00 6.125455e-01
2.524516e+01 3.168837e+00 6.254160e-01
2.566863e+01 3.142589e+00 6.385570e-01
2.609920e+01 3.116559e+00 6.519740e-01
2.653700e+01 3.090744e+00 6.656730e-01
2.698214e+01 3.065143e+00 6.796598e-01
2.743474e+01 3.039755e+00 6.939405e-01
2.789494e+01 3.014576e+00 7.085213e-01
2.836286e+01 2.989606e+00 7.234084e-01
2.883863e+01 2.964843e+00 7.386084e-01
2.932237e+01 2.940285e+00 7.541277e-01
2.981423e+01 2.915930e+00 7.699731e-01
3.031435e+01 2.891777e+00 7.861514e-01
3.082285e+01 2.867825e+00 8.026697e-01
3.133988e+01 2.844070e+00 8.195350e-01
3.186558e+01 2.820513e+00 8.367547e-01
3.240011e+01 2.797150e+00 8.543362e-01
3.294359e+01 2.773981e+00 8.722872e-01
3.349620e+01 2.751004e+00 8.906153e-01
3.405807e+01 2.728217e+00 9.093285e-01
3.462937e+01 2.705619e+00 9.284349e-01
3.521026e+01 2.683208e+00 9.479428e-01
3.580088e+01 2.660983e+00 9.678605e-01
3.640142e+01 2.638942e+00 9.881968e-01
3.701202e+01 2.617083e+00 1.008960e+00
3.763287e+01 2.595406e+00 1.030160e+00
3.826414e+01 2.573908e+00 1.051805e+00
3.890599e+01 2.552588e+00 1.073906e+00
3.955861e+01 2.531445e+00 1.096470e+00
4.022218e+01 2.510477e+00 1.119508e+00
4.089688e+01 2.489682e+00 1.143031e+00
4.158289e+01 2.469060e+00 1.167048e+00
4.228041e+01 2.448609e+00 1.191569e+00
4.298964e+01 2.428327e+00 1.216606e+00
4.371076e+01 2.408213e+00 1.242169e+00
4.444397e+01 2.388265e+00 1.268269e+00
4.518949e+01 2.368483e+00 1.294917e+00
4.594751e+01 2.348865e+00 1.322126e+00
4.671825e+01 2.329409e+00 1.349905e+00
4.750191e+01 2.310114e+00 1.378269e+00
4.829872e+01 2.290979e+00 1.407229e+00
4.910890e+01 2.272003e+00 1.436797e+00
4.993266e+01 2.253184e+00 1.466986e+00
5.077025e+01 2.234520e+00 1.497810e+00
5.162188e+01 2.216012e+00 1.529281e+00
5.248780e+01 2.197656e+00 1.561414e+00
5.336825e+01 2.179453e+00 1.594221e+00
5.426346e+01 2.161400e+00 1.627719e+00
5.517369e+01 2.143497e+00 1.661920e+00
5.609919e+01 2.125743e+00 1.696839e+00
5.704021e+01 2.108135e+00 1.732492e+00
5.799702e+01 2.090673e+00 1.768895e+00
5.896988e+01 2.073356e+00 1.806062e+00
5.995906e+01 2.056182e+00 1.844010e+00
6.096483e+01 2.039151e+00 1.882756e+00
6.198747e+01 2.022260e+00 1.922315e+00
6.302726e+01 2.005510e+00 1.962706e+00
6.408450e+01 1.988898e+00 2.003946e+00
6.515947e+01 1.972424e+00 2.046052e+00
6.625247e+01 1.956086e+00 2.089043e+00
6.736381e+01 1.939884e+00 2.132937e+00
6.849379e+01 1.923815e+00 2.177753e+00
6.964273e+01 1.907880e+00 2.223511e+00
7.081093e+01 1.892077e+00 2.270231e+00
7.199873e+01 1.876405e+00 2.317932e+00
7.320646e+01 1.860862e+00 2.366635e+00
7.443445e+01 1.845449e+00 2.416362e+00
7.568303e+01 1.830163e+00 2.467134e+00
7.695256e+01 1.815003e+00 2.518972e+00
7.824338e+01 1.799970e+00 2.571900e+00
7.955586e+01 1.785060e+00 2.625939e+00
8.089035e+01 1.770275e+00 2.681114e+00
8.224723e+01 1.755611e+00 2.737449e+00
8.362687e+01 1.741069e+00 2.794967e+00
8.502965e+01 1.726648e+00 2.853694e+00
8.645596e+01 1.712346e+00 2.913654e+00
8.790619e+01 1.698163e+00 2.974875e+00
8.938076e+01 1.684096e+00 3.037382e+00
9.088005e+01 1.670147e+00 3.101202e+00
9.240450e+01 1.656313e+00 3.166363e+00
9.395452e+01 1.642594e+00 3.232893e+00
9.553054e+01 1.628988e+00 3.300821e+00
9.713299e+01 1.615495e+00 3.370177e+00
9.876233e+01 1.602114e+00 3.440990e+00
1.004190e+02 1.588843e+00 3.513290e+00
1.021035e+02 1.575683e+00 3.587110e+00
1.038162e+02 1.562631e+00 3.662481e+00
1.055576e+02 1.549688e+00 3.739436e+00
1.073283e+02 1.536852e+00 3.818007e+00
1.091286e+02 1.524122e+00 3.898230e+00
1.109592e+02 1.511497e+00 3.980138e+00
1.128204e+02 1.498978e+00 4.063767e+00
1.147129e+02 1.486561e+00 4.149153e+00
1.166371e+02 1.474248e+00 4.236333e+00
1.185936e+02 1.462037e+00 4.325345e+00
1.205830e+02 1.449927e+00 4.416227e+00
1.226057e+02 1.437917e+00 4.509019e+00
1.246623e+02 1.426006e+00 4.603761e+00
1.267534e+02 1.414195e+00 4.700493e+00
1.288796e+02 1.402481e+00 4.799258e+00
1.310414e+02 1.390864e+00 4.900098e+00
1.332396e+02 1.379343e+00 5.003057e+00
1.354746e+02 1.367918e+00 5.108179e+00
1.377471e+02 1.356588e+00 5.215510e+00
1.400577e+02 1.345351e+00 5.325097e+00
1.424070e+02 1.334207e+00 5.436985e+00
1.447958e+02 1.323156e+00 5.551225e+00
1.472247e+02 1.312196e+00 5.667865e+00
1.496942e+02 1.301327e+00 5.786956e+00
1.522053e+02 1.123465e+00 5.908549e+00
1.547584e+02 9.512923e-01 6.032697e+00
1.573543e+02 8.055054e-01 6.159454e+00
1.599939e+02 6.820606e-01 6.288874e+00
1.626776e+02 5.775339e-01 6.421013e+00
1.654064e+02 4.890260e-01 6.555929e+00
1.681810e+02 4.140821e-01 6.693680e+00
1.710021e+02 3.506234e-01 6.834324e+00
1.738706e+02 2.968899e-01 6.977924e+00
1.767871e+02 2.513911e-01 7.124542e+00
1.797526e+02 2.128651e-01 7.274240e+00
1.827678e+02 1.802432e-01 7.427083e+00
1.858336e+02 1.526207e-01 7.583138e+00
1.889508e+02 1.292314e-01 7.742472e+00
1.921203e+02 1.094265e-01 7.905154e+00
1.953430e+02 9.265671e-02 8.071254e+00
1.986198e+02 7.845694e-02 8.240844e+00
2.019515e+02 6.643330e-02 8.413997e+00
2.053391e+02 5.625231e-02 8.590788e+00
2.087835e+02 4.763156e-02 8.771295e+00
2.122857e+02 4.033196e-02 8.955594e+00
2.158466e+02 3.415103e-02 9.143765e+00
2.194673e+02 2.891734e-02 9.335890e+00
2.231487e+02 2.448572e-02 9.532052e+00
2.268918e+02 2.073325e-02 9.732336e+00
2.306978e+02 1.755585e-02 9.936828e+00
2.345676e+02 1.486539e-02 1.014562e+01
2.385023e+02 1.258725e-02 1.035879e+01
2.425030e+02 1.065823e-02 1.057645e+01
2.465708e+02 9.024845e-03 1.079867e+01
2.507068e+02 7.641775e-03 1.102557e+01
2.549123e+02 6.470662e-03 1.125724e+01
2.591882e+02 5.479024e-03 1.149377e+01
2.635359e+02 4.639356e-03 1.173527e+01
2.679565e+02 3.928369e-03 1.198185e+01
2.724513e+02 3.326341e-03 1.223361e+01
2.770215e+02 2.816574e-03 1.249065e+01
2.816683e+02 2.384930e-03 1.275310e+01
2.863931e+02 2.019436e-03 1.302107e+01
2.911972e+02 1.709955e-03 1.329466e+01
2.960818e+02 1.447902e-03 1.357400e+01
3.010483e+02 1.226009e-03 1.385921e+01
3.060982e+02 1.038121e-03 1.415042e+01
3.112328e+02 8.790279e-04 1.444774e+01
3.164535e+02 7.443156e-04 1.475131e+01
3.217618e+02 6.302482e-04 1.506126e+01
3.271591e+02 5.336618e-04 1.537772e+01
3.326469e+02 4.518774e-04 1.570083e+01
3.382269e+02 3.826266e-04 1.603073e+01
3.439004e+02 3.239885e-04 1.636756e+01
3.496690e+02 2.743368e-04 1.671147e+01
3.555345e+02 2.322943e-04 1.706261e+01
3.614983e+02 1.966949e-04 1.742112e+01
3.675622e+02 1.665511e-04 1.778717e+01
3.737278e+02 1.410269e-04 1.816090e+01
3.799968e+02 1.194144e-04 1.854249e+01
3.863710e+02 1.011139e-04 1.893210e+01
3.928521e+02 8.561809e-05 1.932989e+01
3.994419e+02 7.249700e-05 1.973605e+01
4.061422e+02 6.138673e-05 2.015073e+01
4.129550e+02 5.197913e-05 2.057413e+01
4.198820e+02 4.401326e-05 2.100643e+01
4.269252e+02 3.726816e-05 2.144781e+01
4.340866e+02 3.155677e-05 2.189846e+01
4.413681e+02 2.672065e-05 2.235858e+01
4.487717e+02 2.262567e-05 2.282837e+01
4.562995e+02 1.915826e-05 2.330803e+01
4.639536e+02 1.622223e-05 2.379777e+01
4.717361e+02 1.373615e-05 2.429780e+01
4.796491e+02 1.163106e-05 2.480834e+01
4.876949e+02 9.848587e-06 2.532960e+01
4.958756e+02 8.339278e-06 2.586181e+01
