# rau, sigma_g, hau_mid
1.008387e-01 7.185577e+03 1.234688e-03
1.025302e-01 7.096481e+03 1.265884e-03
1.042501e-01 7.008490e+03 1.297869e-03
1.059988e-01 6.921589e+03 1.330661e-03
1.077769e-01 6.835766e+03 1.364283e-03
1.095847e-01 6.751007e+03 1.393872e-03
1.114229e-01 6.667299e+03 1.423158e-03
1.132920e-01 6.584629e+03 1.453059e-03
1.151924e-01 6.502984e+03 1.483589e-03
1.171246e-01 6.422351e+03 1.514759e-03
1.190893e-01 6.342718e+03 1.546585e-03
1.210870e-01 6.264072e+03 1.579080e-03
1.231181e-01 6.186401e+03 1.612257e-03
1.251833e-01 6.109693e+03 1.646131e-03
1.272832e-01 6.033936e+03 1.680717e-03
1.294183e-01 5.959119e+03 1.716030e-03
1.315892e-01 5.885229e+03 1.752084e-03
1.337965e-01 5.812255e+03 1.788897e-03
1.360408e-01 5.740186e+03 1.826482e-03
1.383228e-01 5.669010e+03 1.864858e-03
1.406431e-01 5.598717e+03 1.904039e-03
1.430022e-01 5.529295e+03 1.944044e-03
1.454010e-01 5.460734e+03 1.984889e-03
1.478400e-01 5.393023e+03 2.026593e-03
1.503199e-01 5.326152e+03 2.069173e-03
1.528414e-01 5.260109e+03 2.112648e-03
1.554052e-01 5.194886e+03 2.157035e-03
1.580120e-01 5.130471e+03 2.202356e-03
1.606626e-01 5.066855e+03 2.248629e-03
1.633576e-01 5.004027e+03 2.295874e-03
1.660978e-01 4.941978e+03 2.344112e-03
1.688839e-01 4.880699e+03 2.393363e-03
1.717169e-01 4.820179e+03 2.443649e-03
1.745973e-01 4.760410e+03 2.494992e-03
1.775260e-01 4.701382e+03 2.547413e-03
1.805039e-01 4.643085e+03 2.600936e-03
1.835317e-01 4.585511e+03 2.655583e-03
1.866103e-01 4.528651e+03 2.711379e-03
1.897406e-01 4.472496e+03 2.768347e-03
1.929233e-01 4.417037e+03 2.826512e-03
1.961595e-01 4.362266e+03 2.885899e-03
1.994499e-01 4.308174e+03 2.946533e-03
2.027956e-01 4.254752e+03 3.008442e-03
2.061973e-01 4.201993e+03 3.071652e-03
2.096561e-01 4.149888e+03 3.136189e-03
2.131729e-01 4.098429e+03 3.202083e-03
2.167488e-01 4.047607e+03 3.269361e-03
2.203846e-01 3.997416e+03 3.338053e-03
2.240814e-01 3.947847e+03 3.408188e-03
2.278402e-01 3.898893e+03 3.479797e-03
2.316620e-01 3.850545e+03 3.552910e-03
2.355480e-01 3.802797e+03 3.627559e-03
2.394991e-01 3.755641e+03 3.703777e-03
2.435166e-01 3.709069e+03 3.781596e-03
2.476014e-01 3.663075e+03 3.861051e-03
2.517547e-01 3.617651e+03 3.942175e-03
2.559777e-01 3.572790e+03 4.025003e-03
2.602715e-01 3.528485e+03 4.109572e-03
2.646374e-01 3.484730e+03 4.195917e-03
2.690765e-01 3.441517e+03 4.284077e-03
2.735901e-01 3.398839e+03 4.374089e-03
2.781794e-01 3.356691e+03 4.465992e-03
2.828456e-01 3.315065e+03 4.559827e-03
2.875901e-01 3.273955e+03 4.655632e-03
2.924143e-01 3.233355e+03 4.753451e-03
2.973193e-01 3.193258e+03 4.853325e-03
3.023066e-01 3.153659e+03 4.955298e-03
3.073776e-01 3.114550e+03 5.059413e-03
3.125336e-01 3.075926e+03 5.165716e-03
3.177762e-01 3.037780e+03 5.274252e-03
3.231066e-01 3.000108e+03 5.385069e-03
3.285265e-01 2.962903e+03 5.498214e-03
3.340373e-01 2.926158e+03 5.613737e-03
3.396405e-01 2.889870e+03 5.731687e-03
3.453378e-01 2.854031e+03 5.852115e-03
3.511305e-01 2.818636e+03 5.975073e-03
3.570205e-01 2.783681e+03 6.100615e-03
3.630093e-01 2.749158e+03 6.228795e-03
3.690985e-01 2.715064e+03 6.359668e-03
3.752898e-01 2.681392e+03 6.493290e-03
3.815851e-01 2.648137e+03 6.629721e-03
3.879859e-01 2.615295e+03 6.769018e-03
3.944941e-01 2.582859e+03 6.911241e-03
4.011114e-01 2.550826e+03 7.056453e-03
4.078398e-01 2.519190e+03 7.204716e-03
4.146810e-01 2.487946e+03 7.356094e-03
4.216370e-01 2.457090e+03 7.510653e-03
4.287096e-01 2.426615e+03 7.668460e-03
4.359009e-01 2.396519e+03 7.829582e-03
4.432128e-01 2.366795e+03 7.994089e-03
4.506474e-01 2.337440e+03 8.162053e-03
4.582067e-01 2.308449e+03 8.333546e-03
4.658928e-01 2.279817e+03 8.508642e-03
4.737078e-01 2.251540e+03 8.687418e-03
4.816539e-01 2.223614e+03 8.869949e-03
4.897333e-01 2.196034e+03 9.056316e-03
4.979482e-01 2.168795e+03 9.246599e-03
5.063009e-01 2.141894e+03 9.440880e-03
5.147938e-01 2.115327e+03 9.639243e-03
5.234291e-01 2.089088e+03 9.841773e-03
5.322092e-01 2.063175e+03 1.004856e-02
5.411366e-01 2.037583e+03 1.025969e-02
5.502138e-01 2.012309e+03 1.047526e-02
5.594432e-01 1.987347e+03 1.069535e-02
5.688275e-01 1.962695e+03 1.092007e-02
5.783692e-01 1.938349e+03 1.114952e-02
5.880709e-01 1.914304e+03 1.138378e-02
5.979354e-01 1.890557e+03 1.162297e-02
6.079653e-01 1.867104e+03 1.186718e-02
6.181635e-01 1.843942e+03 1.211652e-02
6.285327e-01 1.821067e+03 1.237110e-02
6.390759e-01 1.798476e+03 1.263103e-02
6.497959e-01 1.776164e+03 1.289643e-02
6.606958e-01 1.754129e+03 1.316739e-02
6.717785e-01 1.732367e+03 1.344406e-02
6.830471e-01 1.710875e+03 1.372653e-02
6.945047e-01 1.689649e+03 1.401494e-02
7.061545e-01 1.668686e+03 1.430941e-02
7.179997e-01 1.647983e+03 1.461007e-02
7.300437e-01 1.627536e+03 1.491704e-02
7.422896e-01 1.607343e+03 1.523047e-02
7.547410e-01 1.587399e+03 1.555048e-02
7.674012e-01 1.567703e+03 1.587721e-02
7.802738e-01 1.548251e+03 1.621081e-02
7.933624e-01 1.529040e+03 1.655142e-02
8.066704e-01 1.510067e+03 1.689918e-02
8.202018e-01 1.491329e+03 1.725425e-02
8.339601e-01 1.472824e+03 1.761678e-02
8.479491e-01 1.454547e+03 1.798693e-02
8.621729e-01 1.436497e+03 1.836486e-02
8.766352e-01 1.418670e+03 1.875073e-02
8.913401e-01 1.401065e+03 1.914470e-02
9.062917e-01 1.383677e+03 1.954696e-02
9.214941e-01 1.366505e+03 1.995766e-02
9.369515e-01 1.349545e+03 2.037699e-02
9.526682e-01 1.332796e+03 2.080514e-02
9.686485e-01 1.316254e+03 2.124228e-02
9.848969e-01 1.299917e+03 2.168861e-02
1.001418e+00 1.283782e+03 2.214431e-02
1.018216e+00 1.267847e+03 2.260959e-02
1.035296e+00 1.252110e+03 2.308465e-02
1.052662e+00 1.236567e+03 2.356968e-02
1.070320e+00 1.221217e+03 2.406491e-02
1.088274e+00 1.206057e+03 2.457054e-02
1.106529e+00 1.191085e+03 2.508680e-02
1.125090e+00 1.176298e+03 2.561391e-02
1.143962e+00 1.161694e+03 2.615209e-02
1.163151e+00 1.147271e+03 2.670157e-02
1.182662e+00 1.133026e+03 2.726261e-02
1.202501e+00 1.118958e+03 2.783543e-02
1.222672e+00 1.105065e+03 2.842029e-02
1.243181e+00 1.091343e+03 2.901743e-02
1.264035e+00 1.077791e+03 2.962713e-02
1.285238e+00 1.064407e+03 3.024963e-02
1.306797e+00 1.051188e+03 3.088521e-02
1.328718e+00 1.038133e+03 3.153415e-02
1.351006e+00 1.025240e+03 3.219672e-02
1.373668e+00 1.012506e+03 3.287322e-02
1.396710e+00 9.999303e+02 3.356393e-02
1.420139e+00 9.875099e+02 3.426915e-02
1.443961e+00 9.752432e+02 3.498919e-02
1.468182e+00 9.631284e+02 3.572435e-02
1.492810e+00 9.511634e+02 3.647497e-02
1.517851e+00 9.393465e+02 3.724135e-02
1.543312e+00 9.276758e+02 3.802384e-02
1.569200e+00 9.161496e+02 3.882277e-02
1.595522e+00 9.047659e+02 3.963849e-02
1.622285e+00 8.935231e+02 4.047135e-02
1.649498e+00 8.824193e+02 4.132170e-02
1.677167e+00 8.714530e+02 4.218993e-02
1.705301e+00 8.606222e+02 4.307639e-02
1.733906e+00 8.499255e+02 4.398148e-02
1.762991e+00 8.393610e+02 4.490559e-02
1.792564e+00 8.289272e+02 4.584912e-02
1.822633e+00 8.186225e+02 4.681247e-02
1.853206e+00 8.084451e+02 4.779606e-02
1.884292e+00 7.983936e+02 4.880032e-02
1.915900e+00 7.884664e+02 4.982568e-02
1.948038e+00 7.786619e+02 5.087258e-02
1.980715e+00 7.689787e+02 5.194148e-02
2.013940e+00 7.594151e+02 5.303284e-02
2.047722e+00 7.499697e+02 5.414714e-02
2.082071e+00 7.406411e+02 5.528484e-02
2.116996e+00 7.314278e+02 5.644645e-02
2.152507e+00 7.223283e+02 5.763247e-02
2.188614e+00 7.133413e+02 5.884340e-02
2.225327e+00 7.044653e+02 6.007978e-02
2.262655e+00 6.956990e+02 6.134214e-02
2.300609e+00 6.870410e+02 6.263102e-02
2.339200e+00 6.784899e+02 6.394698e-02
2.378439e+00 6.700444e+02 6.529060e-02
2.418335e+00 6.617033e+02 6.666244e-02
2.458901e+00 6.534651e+02 6.806311e-02
2.500147e+00 6.453287e+02 6.949321e-02
2.542085e+00 6.372927e+02 7.095336e-02
2.584727e+00 6.293559e+02 7.244418e-02
2.628084e+00 6.215171e+02 7.396634e-02
2.672168e+00 6.137750e+02 7.552047e-02
2.716992e+00 6.061285e+02 7.710726e-02
2.762568e+00 5.985763e+02 7.872739e-02
2.808908e+00 5.911174e+02 8.038156e-02
2.856025e+00 5.837504e+02 8.207049e-02
2.903933e+00 5.764743e+02 8.379490e-02
2.952644e+00 5.692879e+02 8.555555e-02
3.002173e+00 5.621902e+02 8.735319e-02
3.052532e+00 5.551799e+02 8.918860e-02
3.103736e+00 5.482561e+02 9.106258e-02
3.155799e+00 5.414177e+02 9.297593e-02
3.208735e+00 5.346635e+02 9.492949e-02
3.262559e+00 5.279925e+02 9.692409e-02
3.317286e+00 5.214038e+02 9.896060e-02
3.372931e+00 5.148962e+02 1.010399e-01
3.429510e+00 5.084687e+02 1.031629e-01
3.487037e+00 5.021204e+02 1.053305e-01
3.545530e+00 4.958503e+02 1.075436e-01
3.605004e+00 4.896574e+02 1.098033e-01
3.665475e+00 4.835407e+02 1.121104e-01
3.726961e+00 4.774992e+02 1.144660e-01
3.789478e+00 4.715321e+02 1.168711e-01
3.853044e+00 4.656384e+02 1.193267e-01
3.917676e+00 4.598172e+02 1.218339e-01
3.983392e+00 4.540676e+02 1.243938e-01
4.050210e+00 4.483886e+02 1.270075e-01
4.118150e+00 4.427795e+02 1.296761e-01
4.187229e+00 4.372393e+02 1.324008e-01
4.257466e+00 4.317671e+02 1.351828e-01
4.328882e+00 4.263622e+02 1.380231e-01
4.401496e+00 4.210236e+02 1.409232e-01
4.475328e+00 4.157506e+02 1.438842e-01
4.550398e+00 4.105423e+02 1.469074e-01
4.626728e+00 4.053980e+02 1.499942e-01
4.704338e+00 4.003167e+02 1.531457e-01
4.783250e+00 3.952978e+02 1.563636e-01
4.863486e+00 3.903403e+02 1.596490e-01
4.945067e+00 3.854437e+02 1.630034e-01
5.028017e+00 3.806071e+02 1.664284e-01
5.112358e+00 3.758297e+02 1.699253e-01
5.198114e+00 3.711109e+02 1.734957e-01
5.285309e+00 3.664498e+02 1.771410e-01
5.373966e+00 3.618457e+02 1.808630e-01
5.464111e+00 3.572980e+02 1.846632e-01
5.555767e+00 3.528060e+02 1.885433e-01
5.648961e+00 3.483688e+02 1.925048e-01
5.743718e+00 3.439859e+02 1.965497e-01
5.840065e+00 3.396566e+02 2.006794e-01
5.938028e+00 3.353801e+02 2.048960e-01
6.037634e+00 3.311559e+02 2.092012e-01
6.138911e+00 3.269832e+02 2.135968e-01
6.241887e+00 3.228615e+02 2.180848e-01
6.346590e+00 3.187900e+02 2.226671e-01
6.453049e+00 3.147681e+02 2.273456e-01
6.561295e+00 3.107953e+02 2.321225e-01
6.671356e+00 3.068708e+02 2.369997e-01
6.783263e+00 3.029942e+02 2.419794e-01
6.897047e+00 2.991647e+02 2.470638e-01
7.012740e+00 2.953818e+02 2.522550e-01
7.130374e+00 2.916449e+02 2.575552e-01
7.249981e+00 2.879534e+02 2.629668e-01
7.371594e+00 2.843068e+02 2.684921e-01
7.495247e+00 2.807044e+02 2.741336e-01
7.620974e+00 2.771458e+02 2.798935e-01
7.748811e+00 2.736303e+02 2.857745e-01
7.878791e+00 2.701575e+02 2.917790e-01
8.010952e+00 2.667267e+02 2.979097e-01
8.145330e+00 2.633375e+02 3.041693e-01
8.281962e+00 2.599892e+02 3.105603e-01
8.420886e+00 2.566815e+02 3.170857e-01
8.562141e+00 2.534138e+02 3.237481e-01
8.705764e+00 2.501855e+02 3.305505e-01
8.851797e+00 2.469962e+02 3.374959e-01
9.000280e+00 2.438454e+02 3.445872e-01
9.151253e+00 2.407326e+02 3.518275e-01
9.304759e+00 2.376573e+02 3.592199e-01
9.460839e+00 2.346190e+02 3.667676e-01
9.619538e+00 2.316173e+02 3.744740e-01
9.780899e+00 2.286516e+02 3.823422e-01
9.944966e+00 2.257216e+02 3.903758e-01
1.011179e+01 2.228268e+02 3.985782e-01
1.028140e+01 2.199667e+02 4.069529e-01
1.045387e+01 2.171409e+02 4.155036e-01
1.062922e+01 2.143490e+02 4.242340e-01
1.080752e+01 2.115904e+02 4.331478e-01
1.098881e+01 2.088648e+02 4.422488e-01
1.117314e+01 2.061718e+02 4.515412e-01
1.136056e+01 2.035110e+02 4.610287e-01
1.155112e+01 2.008819e+02 4.707156e-01
1.174489e+01 1.982841e+02 4.806061e-01
1.194190e+01 1.957172e+02 4.907043e-01
1.214222e+01 1.931809e+02 5.010148e-01
1.234589e+01 1.906746e+02 5.115418e-01
1.255299e+01 1.881982e+02 5.222901e-01
1.276355e+01 1.857511e+02 5.332642e-01
1.297765e+01 1.833330e+02 5.444689e-01
1.319534e+01 1.809435e+02 5.559090e-01
1.341669e+01 1.785822e+02 5.675895e-01
1.364174e+01 1.762488e+02 5.795154e-01
1.387057e+01 1.739430e+02 5.916919e-01
1.410324e+01 1.716643e+02 6.041243e-01
1.433981e+01 1.694124e+02 6.168178e-01
1.458035e+01 1.671870e+02 6.297781e-01
1.482493e+01 1.649877e+02 6.430107e-01
1.507360e+01 1.628141e+02 6.565214e-01
1.532645e+01 1.606660e+02 6.703159e-01
1.558354e+01 1.585431e+02 6.844002e-01
1.584495e+01 1.564449e+02 6.987805e-01
1.611073e+01 1.543712e+02 7.134630e-01
1.638098e+01 1.523217e+02 7.284539e-01
1.665576e+01 1.502959e+02 7.437598e-01
1.693515e+01 1.482937e+02 7.593874e-01
1.721922e+01 1.463147e+02 7.753433e-01
1.750806e+01 1.443587e+02 7.916344e-01
1.780175e+01 1.424252e+02 8.082679e-01
1.810036e+01 1.405141e+02 8.252508e-01
1.840398e+01 1.386250e+02 8.425906e-01
1.871269e+01 1.367576e+02 8.602947e-01
1.902658e+01 1.349117e+02 8.783708e-01
1.934574e+01 1.330869e+02 8.968268e-01
1.967025e+01 1.312831e+02 9.156705e-01
2.000021e+01 1.294999e+02 9.349101e-01
2.033569e+01 1.277370e+02 9.545540e-01
2.067681e+01 1.259942e+02 9.746107e-01
2.102365e+01 1.242712e+02 9.950887e-01
2.137631e+01 1.225678e+02 1.015997e+00
2.173488e+01 1.208836e+02 1.037345e+00
2.209946e+01 1.192186e+02 1.059141e+00
2.247017e+01 1.175723e+02 1.081395e+00
2.284709e+01 1.159445e+02 1.104117e+00
2.323033e+01 1.143351e+02 1.127316e+00
2.362000e+01 1.127437e+02 1.151003e+00
2.401621e+01 1.111702e+02 1.175187e+00
2.441907e+01 1.096142e+02 1.199880e+00
2.482868e+01 1.080756e+02 1.225091e+00
2.524516e+01 1.065541e+02 1.250832e+00
2.566863e+01 1.050496e+02 1.277114e+00
2.609920e+01 1.035617e+02 1.303948e+00
2.653700e+01 1.020903e+02 1.331346e+00
2.698214e+01 1.006351e+02 1.359320e+00
2.743474e+01 9.919591e+01 1.387881e+00
2.789494e+01 9.777257e+01 1.417043e+00
2.836286e+01 9.636484e+01 1.446817e+00
2.883863e+01 9.497252e+01 1.477217e+00
2.932237e+01 9.359540e+01 1.508255e+00
2.981423e+01 9.223329e+01 1.539946e+00
3.031435e+01 9.088599e+01 1.572303e+00
3.082285e+01 8.955330e+01 1.605339e+00
3.133988e+01 8.823503e+01 1.639070e+00
3.186558e+01 8.693100e+01 1.673509e+00
3.240011e+01 8.564102e+01 1.708672e+00
3.294359e+01 8.436491e+01 1.744574e+00
3.349620e+01 8.310249e+01 1.781231e+00
3.405807e+01 8.185358e+01 1.818657e+00
3.462937e+01 8.061801e+01 1.856870e+00
3.521026e+01 7.939560e+01 1.895886e+00
3.580088e+01 7.818619e+01 1.935721e+00
3.640142e+01 7.698962e+01 1.976394e+00
3.701202e+01 7.580571e+01 2.017921e+00
3.763287e+01 7.463432e+01 2.060320e+00
3.826414e+01 7.347527e+01 2.103611e+00
3.890599e+01 7.232843e+01 2.147811e+00
3.955861e+01 7.119362e+01 2.192940e+00
4.022218e+01 7.007072e+01 2.239017e+00
4.089688e+01 6.895956e+01 2.286062e+00
4.158289e+01 6.786000e+01 2.334096e+00
4.228041e+01 6.677191e+01 2.383139e+00
4.298964e+01 6.569515e+01 2.433212e+00
4.371076e+01 6.462957e+01 2.484338e+00
4.444397e+01 6.357505e+01 2.536538e+00
4.518949e+01 6.253146e+01 2.589835e+00
4.594751e+01 6.149866e+01 2.644251e+00
4.671825e+01 6.047654e+01 2.699811e+00
4.750191e+01 5.946497e+01 2.756538e+00
4.829872e+01 5.846383e+01 2.814457e+00
4.910890e+01 5.747301e+01 2.873594e+00
4.993266e+01 5.649238e+01 2.933972e+00
5.077025e+01 5.552186e+01 2.995620e+00
5.162188e+01 5.456131e+01 3.058562e+00
5.248780e+01 5.361064e+01 3.122827e+00
5.336825e+01 5.266975e+01 3.188443e+00
5.426346e+01 5.173853e+01 3.255437e+00
5.517369e+01 5.081690e+01 3.323839e+00
5.609919e+01 4.990474e+01 3.393678e+00
5.704021e+01 4.900198e+01 3.464985e+00
5.799702e+01 4.810853e+01 3.537789e+00
5.896988e+01 4.722430e+01 3.612124e+00
5.995906e+01 4.634920e+01 3.688020e+00
6.096483e+01 4.548316e+01 3.765512e+00
6.198747e+01 4.462611e+01 3.844631e+00
6.302726e+01 4.377796e+01 3.925413e+00
6.408450e+01 4.293865e+01 4.007892e+00
6.515947e+01 4.210811e+01 4.092104e+00
6.625247e+01 4.128627e+01 4.178085e+00
6.736381e+01 4.047307e+01 4.265874e+00
6.849379e+01 3.966846e+01 4.355506e+00
6.964273e+01 3.887237e+01 4.447022e+00
7.081093e+01 3.808475e+01 4.540461e+00
7.199873e+01 3.730556e+01 4.635864e+00
7.320646e+01 3.653475e+01 4.733270e+00
7.443445e+01 3.577226e+01 4.832724e+00
7.568303e+01 3.501807e+01 4.934267e+00
7.695256e+01 3.427213e+01 5.037944e+00
7.824338e+01 3.353440e+01 5.143799e+00
7.955586e+01 3.280486e+01 5.251878e+00
8.089035e+01 3.208347e+01 5.362229e+00
8.224723e+01 3.137021e+01 5.474898e+00
8.362687e+01 3.066506e+01 5.589934e+00
8.502965e+01 2.996798e+01 5.707387e+00
8.645596e+01 2.927897e+01 5.827308e+00
8.790619e+01 2.859801e+01 5.949749e+00
8.938076e+01 2.792508e+01 6.074763e+00
9.088005e+01 2.726018e+01 6.202404e+00
9.240450e+01 2.660329e+01 6.332726e+00
9.395452e+01 2.595442e+01 6.465786e+00
9.553054e+01 2.531357e+01 6.601643e+00
9.713299e+01 2.468072e+01 6.740354e+00
9.876233e+01 2.405589e+01 6.881979e+00
1.004190e+02 2.343908e+01 7.026581e+00
1.021035e+02 2.283029e+01 7.174220e+00
1.038162e+02 2.222955e+01 7.324962e+00
1.055576e+02 2.163685e+01 7.478871e+00
1.073283e+02 2.105221e+01 7.636014e+00
1.091286e+02 2.047566e+01 7.796459e+00
1.109592e+02 1.990720e+01 7.960275e+00
1.128204e+02 1.934685e+01 8.127533e+00
1.147129e+02 1.879465e+01 8.298305e+00
1.166371e+02 1.825060e+01 8.472666e+00
1.185936e+02 1.771474e+01 8.650690e+00
1.205830e+02 1.718708e+01 8.832455e+00
1.226057e+02 1.666766e+01 9.018039e+00
1.246623e+02 1.615651e+01 9.207522e+00
1.267534e+02 1.565364e+01 9.400987e+00
1.288796e+02 1.515909e+01 9.598517e+00
1.310414e+02 1.467288e+01 9.800197e+00
1.332396e+02 1.419505e+01 1.000611e+01
1.354746e+02 1.372563e+01 1.021636e+01
1.377471e+02 1.326464e+01 1.043102e+01
1.400577e+02 1.281210e+01 1.065019e+01
1.424070e+02 1.236806e+01 1.087397e+01
1.447958e+02 1.193253e+01 1.110245e+01
1.472247e+02 1.150554e+01 1.133573e+01
1.496942e+02 1.108712e+01 1.157391e+01
1.522053e+02 1.067728e+01 1.181710e+01
1.547584e+02 1.027605e+01 1.206539e+01
1.573543e+02 9.883443e+00 1.231891e+01
1.599939e+02 9.499481e+00 1.257775e+01
1.626776e+02 9.124175e+00 1.284203e+01
1.654064e+02 8.757535e+00 1.311186e+01
1.681810e+02 8.399570e+00 1.338736e+01
1.710021e+02 8.050283e+00 1.366865e+01
1.738706e+02 7.709676e+00 1.395585e+01
1.767871e+02 7.377744e+00 1.424908e+01
1.797526e+02 7.054481e+00 1.454848e+01
1.827678e+02 6.739874e+00 1.485417e+01
1.858336e+02 6.433907e+00 1.516628e+01
1.889508e+02 6.136559e+00 1.548494e+01
1.921203e+02 5.847802e+00 1.581031e+01
1.953430e+02 5.567606e+00 1.614251e+01
1.986198e+02 5.295932e+00 1.648169e+01
2.019515e+02 5.032738e+00 1.682799e+01
2.053391e+02 4.777973e+00 1.718158e+01
2.087835e+02 4.531584e+00 1.754259e+01
2.122857e+02 4.293508e+00 1.791119e+01
2.158466e+02 4.063677e+00 1.828753e+01
2.194673e+02 3.842018e+00 1.867178e+01
2.231487e+02 3.628449e+00 1.906410e+01
2.268918e+02 3.422881e+00 1.946467e+01
2.306978e+02 3.225222e+00 1.987366e+01
2.345676e+02 3.035370e+00 2.029123e+01
2.385023e+02 2.853218e+00 2.071758e+01
2.425030e+02 2.678650e+00 2.115289e+01
2.465708e+02 2.511546e+00 2.159735e+01
2.507068e+02 2.351778e+00 2.205114e+01
2.549123e+02 2.199213e+00 2.251447e+01
2.591882e+02 2.053710e+00 2.298754e+01
2.635359e+02 1.915123e+00 2.347054e+01
2.679565e+02 1.783300e+00 2.396370e+01
2.724513e+02 1.658084e+00 2.446721e+01
2.770215e+02 1.539313e+00 2.498131e+01
2.816683e+02 1.426817e+00 2.550621e+01
2.863931e+02 1.320426e+00 2.604213e+01
2.911972e+02 1.219962e+00 2.658932e+01
2.960818e+02 1.125245e+00 2.714800e+01
3.010483e+02 1.036091e+00 2.771843e+01
3.060982e+02 9.523134e-01 2.830084e+01
3.112328e+02 8.737225e-01 2.889548e+01
3.164535e+02 8.001271e-01 2.950262e+01
3.217618e+02 7.313340e-01 3.012252e+01
3.271591e+02 6.671492e-01 3.075544e+01
3.326469e+02 6.073781e-01 3.140166e+01
3.382269e+02 5.518260e-01 3.206146e+01
3.439004e+02 5.002990e-01 3.273513e+01
3.496690e+02 4.526040e-01 3.342294e+01
3.555345e+02 4.085494e-01 3.412521e+01
3.614983e+02 3.679459e-01 3.484224e+01
3.675622e+02 3.306067e-01 3.557433e+01
3.737278e+02 2.963481e-01 3.632181e+01
3.799968e+02 2.649897e-01 3.708498e+01
3.863710e+02 2.363554e-01 3.786420e+01
3.928521e+02 2.102733e-01 3.865979e+01
3.994419e+02 1.865763e-01 3.947209e+01
4.061422e+02 1.651026e-01 4.030146e+01
4.129550e+02 1.456956e-01 4.114826e+01
4.198820e+02 1.282046e-01 4.201285e+01
4.269252e+02 1.124849e-01 4.289561e+01
4.340866e+02 9.839807e-02 4.379692e+01
4.413681e+02 8.581191e-02 4.471716e+01
4.487717e+02 7.460082e-02 4.565674e+01
4.562995e+02 6.464580e-02 4.661606e+01
4.639536e+02 5.583444e-02 4.759554e+01
4.717361e+02 4.806103e-02 4.859560e+01
4.796491e+02 4.122643e-02 4.961667e+01
4.876949e+02 3.523807e-02 5.065920e+01
4.958756e+02 3.000981e-02 5.172363e+01
