# rau, sigma_d, hdust
5.033958e-01 2.244059e+01 1.610917e-03
5.102335e-01 2.228971e+01 1.637210e-03
5.171640e-01 2.213986e+01 1.663933e-03
5.241888e-01 2.199101e+01 1.691091e-03
5.313089e-01 2.184316e+01 1.718693e-03
5.385257e-01 2.169630e+01 1.746745e-03
5.458406e-01 2.155044e+01 1.775255e-03
5.532548e-01 2.140555e+01 1.804230e-03
5.607697e-01 2.126164e+01 1.833679e-03
5.683868e-01 2.111869e+01 1.863608e-03
5.761072e-01 2.097671e+01 1.894025e-03
5.839326e-01 2.083568e+01 1.924939e-03
5.918642e-01 2.069560e+01 1.956358e-03
5.999036e-01 2.055646e+01 1.988289e-03
6.080521e-01 2.041825e+01 2.020741e-03
6.163114e-01 2.028098e+01 2.053724e-03
6.246828e-01 2.014463e+01 2.087244e-03
6.331680e-01 2.000919e+01 2.121312e-03
6.417684e-01 1.987467e+01 2.155935e-03
6.504856e-01 1.974104e+01 2.191124e-03
6.593213e-01 1.960832e+01 2.226887e-03
6.682769e-01 1.947649e+01 2.263234e-03
6.773542e-01 1.934555e+01 2.300174e-03
6.865548e-01 1.921549e+01 2.337717e-03
6.958804e-01 1.908630e+01 2.375873e-03
7.053326e-01 1.895798e+01 2.414652e-03
7.149132e-01 1.883052e+01 2.454063e-03
7.246240e-01 1.870392e+01 2.494118e-03
7.344666e-01 1.857817e+01 2.534826e-03
7.444430e-01 1.845327e+01 2.576199e-03
7.545549e-01 1.832920e+01 2.618248e-03
7.648041e-01 1.820597e+01 2.660982e-03
7.751925e-01 1.808357e+01 2.704414e-03
7.857221e-01 1.796199e+01 2.748555e-03
7.963946e-01 1.784123e+01 2.793417e-03
8.072122e-01 1.772128e+01 2.839010e-03
8.181766e-01 1.760214e+01 2.885348e-03
8.292900e-01 1.748380e+01 2.932442e-03
8.405544e-01 1.736625e+01 2.980305e-03
8.519718e-01 1.724949e+01 3.028949e-03
8.635442e-01 1.713352e+01 3.078387e-03
8.752738e-01 1.701833e+01 3.128632e-03
8.871628e-01 1.690392e+01 3.179697e-03
8.992133e-01 1.679027e+01 3.231595e-03
9.114274e-01 1.667738e+01 3.284341e-03
9.238074e-01 1.656526e+01 3.337947e-03
9.363556e-01 1.645389e+01 3.392429e-03
9.490743e-01 1.634327e+01 3.447799e-03
9.619657e-01 1.623339e+01 3.504074e-03
9.750322e-01 1.612425e+01 3.561267e-03
9.882762e-01 1.601584e+01 3.619393e-03
1.001700e+00 1.590817e+01 3.678468e-03
1.015306e+00 1.580121e+01 3.738507e-03
1.029097e+00 1.569498e+01 3.799527e-03
1.043076e+00 1.558946e+01 3.861542e-03
1.057244e+00 1.548465e+01 3.924569e-03
1.071605e+00 1.538054e+01 3.988625e-03
1.086160e+00 1.527714e+01 4.053727e-03
1.100914e+00 1.517443e+01 4.119891e-03
1.115868e+00 1.507241e+01 4.187135e-03
1.131025e+00 1.497107e+01 4.255477e-03
1.146388e+00 1.487042e+01 4.324934e-03
1.161959e+00 1.477044e+01 4.395525e-03
1.177742e+00 1.467114e+01 4.467268e-03
1.193740e+00 1.457250e+01 4.540182e-03
1.209954e+00 1.447453e+01 4.614286e-03
1.226389e+00 1.437722e+01 4.689599e-03
1.243047e+00 1.428056e+01 4.766142e-03
1.259932e+00 1.418455e+01 4.843934e-03
1.277046e+00 1.408918e+01 4.922996e-03
1.294392e+00 1.399446e+01 5.003348e-03
1.311974e+00 1.390037e+01 5.085012e-03
1.329795e+00 1.380692e+01 5.168009e-03
1.347857e+00 1.371409e+01 5.252360e-03
1.366166e+00 1.362189e+01 5.338088e-03
1.384722e+00 1.353031e+01 5.425215e-03
1.403531e+00 1.343934e+01 5.513765e-03
1.422596e+00 1.334899e+01 5.603759e-03
1.441919e+00 1.325924e+01 5.695223e-03
1.461505e+00 1.317009e+01 5.788179e-03
1.481356e+00 1.308155e+01 5.882653e-03
1.501478e+00 1.299360e+01 5.978669e-03
1.521873e+00 1.290624e+01 6.076251e-03
1.542544e+00 1.281947e+01 6.175427e-03
1.563497e+00 1.273328e+01 6.276221e-03
1.584734e+00 1.264768e+01 6.378660e-03
1.606260e+00 1.256264e+01 6.482772e-03
1.628078e+00 1.247818e+01 6.588582e-03
1.650192e+00 1.239429e+01 6.696120e-03
1.672607e+00 1.231096e+01 6.805413e-03
1.695326e+00 1.222819e+01 6.916490e-03
1.718354e+00 1.214598e+01 7.029379e-03
1.741695e+00 1.206432e+01 7.144112e-03
1.765353e+00 1.198321e+01 7.260717e-03
1.789332e+00 1.190265e+01 7.379225e-03
1.813636e+00 1.182262e+01 7.499667e-03
1.838271e+00 1.174314e+01 7.622075e-03
1.863241e+00 1.166419e+01 7.746481e-03
1.888549e+00 1.158577e+01 7.872918e-03
1.914202e+00 1.150787e+01 8.001419e-03
1.940203e+00 1.143051e+01 8.132016e-03
1.966557e+00 1.135366e+01 8.264746e-03
1.993269e+00 1.127732e+01 8.399641e-03
2.020343e+00 1.120151e+01 8.536739e-03
2.047786e+00 1.112620e+01 8.676074e-03
2.075601e+00 1.105139e+01 8.817683e-03
2.103795e+00 1.097709e+01 8.961604e-03
2.132371e+00 1.090329e+01 9.107873e-03
2.161335e+00 1.082999e+01 9.256530e-03
2.190693e+00 1.075718e+01 9.407614e-03
2.220449e+00 1.068485e+01 9.561163e-03
2.250610e+00 1.061302e+01 9.717219e-03
2.281180e+00 1.054166e+01 9.875822e-03
2.312166e+00 1.047079e+01 1.003701e-02
2.343572e+00 1.040039e+01 1.020084e-02
2.375405e+00 1.033047e+01 1.036733e-02
2.407671e+00 1.026102e+01 1.053655e-02
2.440374e+00 1.019203e+01 1.070852e-02
2.473522e+00 1.012351e+01 1.088330e-02
2.507120e+00 1.005545e+01 1.106094e-02
2.541175e+00 9.987843e+00 1.124147e-02
2.575692e+00 9.920693e+00 1.142495e-02
2.610678e+00 9.853995e+00 1.161143e-02
2.646139e+00 9.787745e+00 1.180095e-02
2.682082e+00 9.721940e+00 1.199356e-02
2.718513e+00 9.656578e+00 1.218932e-02
2.755439e+00 9.591655e+00 1.238827e-02
2.792867e+00 9.527169e+00 1.259047e-02
2.830803e+00 9.463117e+00 1.279597e-02
2.869254e+00 9.399495e+00 1.300482e-02
2.908227e+00 9.336300e+00 1.321709e-02
2.947730e+00 9.273531e+00 1.343281e-02
2.987769e+00 9.211184e+00 1.365206e-02
3.028353e+00 9.149256e+00 1.387489e-02
3.069487e+00 9.087744e+00 1.410135e-02
3.111180e+00 9.026645e+00 1.433151e-02
3.153440e+00 8.965958e+00 1.456543e-02
3.196274e+00 8.905678e+00 1.480316e-02
3.239689e+00 8.845804e+00 1.504478e-02
3.283694e+00 8.786332e+00 1.529033e-02
3.328297e+00 8.727261e+00 1.553990e-02
3.373506e+00 8.668586e+00 1.579354e-02
3.419328e+00 8.610306e+00 1.605132e-02
3.465774e+00 8.552417e+00 1.631331e-02
3.512850e+00 8.494918e+00 1.657957e-02
3.560565e+00 8.437805e+00 1.685018e-02
3.608929e+00 8.381077e+00 1.712520e-02
3.657949e+00 8.324730e+00 1.740472e-02
3.707636e+00 8.268761e+00 1.768879e-02
3.757997e+00 8.213169e+00 1.797751e-02
3.809043e+00 8.157951e+00 1.827093e-02
3.860781e+00 8.103103e+00 1.856915e-02
3.913223e+00 8.048625e+00 1.887223e-02
3.966377e+00 7.994513e+00 1.918026e-02
4.020252e+00 7.940765e+00 1.949332e-02
4.074860e+00 7.887378e+00 1.981148e-02
4.130209e+00 7.834350e+00 2.013484e-02
4.186311e+00 7.781678e+00 2.046348e-02
4.243174e+00 7.729361e+00 2.079748e-02
4.300809e+00 7.677395e+00 2.113693e-02
4.359228e+00 7.625779e+00 2.148193e-02
4.418440e+00 7.574509e+00 2.183255e-02
4.478456e+00 7.523585e+00 2.218890e-02
4.539288e+00 7.473003e+00 2.255106e-02
4.600945e+00 7.422760e+00 2.291914e-02
4.663441e+00 7.372856e+00 2.329322e-02
4.726785e+00 7.323287e+00 2.367341e-02
4.790989e+00 7.274052e+00 2.405980e-02
4.856066e+00 7.225147e+00 2.445250e-02
4.922027e+00 7.176571e+00 2.485161e-02
4.988883e+00 7.128322e+00 2.525723e-02
5.056648e+00 7.080397e+00 2.566947e-02
5.125333e+00 7.032795e+00 2.608845e-02
5.194951e+00 6.985512e+00 2.651426e-02
5.265515e+00 6.938548e+00 2.694702e-02
5.337037e+00 6.891899e+00 2.738684e-02
5.409530e+00 6.845563e+00 2.783385e-02
5.483009e+00 6.799540e+00 2.828815e-02
5.557485e+00 6.753825e+00 2.874986e-02
5.632973e+00 6.708418e+00 2.921911e-02
5.709487e+00 6.663317e+00 2.969602e-02
5.787040e+00 6.618518e+00 3.018071e-02
5.865646e+00 6.574021e+00 3.067332e-02
5.945319e+00 6.529823e+00 3.117396e-02
6.026076e+00 6.485922e+00 3.168278e-02
6.107929e+00 6.442316e+00 3.219990e-02
6.190893e+00 6.399003e+00 3.272546e-02
6.274985e+00 6.355982e+00 3.325960e-02
6.360219e+00 6.313249e+00 3.380245e-02
6.446611e+00 6.270804e+00 3.435417e-02
6.534176e+00 6.228645e+00 3.491489e-02
6.622931e+00 6.186769e+00 3.548477e-02
6.712891e+00 6.145174e+00 3.606395e-02
6.804073e+00 6.103859e+00 3.665257e-02
6.896493e+00 6.062822e+00 3.725081e-02
6.990169e+00 6.022061e+00 3.785881e-02
7.085118e+00 5.981574e+00 3.847674e-02
7.181356e+00 5.941358e+00 3.910475e-02
7.278901e+00 5.901414e+00 3.974301e-02
7.377771e+00 5.861738e+00 4.039169e-02
7.477985e+00 5.822328e+00 4.105095e-02
7.579559e+00 5.783184e+00 4.172098e-02
7.682513e+00 5.744303e+00 4.240194e-02
7.786866e+00 5.705683e+00 4.309402e-02
7.892636e+00 5.667323e+00 4.379739e-02
7.999843e+00 5.629220e+00 4.451224e-02
8.108506e+00 5.591374e+00 4.523876e-02
8.218645e+00 5.553783e+00 4.597714e-02
8.330280e+00 5.516444e+00 4.672757e-02
8.443431e+00 5.479356e+00 4.749025e-02
8.558119e+00 5.442517e+00 4.826538e-02
8.674365e+00 5.405926e+00 4.905316e-02
8.792190e+00 5.369582e+00 4.985380e-02
8.911616e+00 5.333481e+00 5.066750e-02
9.032663e+00 5.297623e+00 5.149449e-02
9.155355e+00 5.262007e+00 5.233497e-02
9.279714e+00 5.226629e+00 5.318917e-02
9.405761e+00 5.191490e+00 5.405732e-02
9.533521e+00 5.156587e+00 5.493963e-02
9.663016e+00 5.121918e+00 5.583635e-02
9.794270e+00 5.087483e+00 5.674770e-02
9.927307e+00 5.053279e+00 5.767392e-02
1.006215e+01 5.019305e+00 5.861527e-02
1.019883e+01 4.985559e+00 5.957197e-02
1.033736e+01 4.952041e+00 6.054430e-02
1.047777e+01 4.918747e+00 6.153249e-02
1.062009e+01 4.885678e+00 6.253681e-02
1.076435e+01 4.852831e+00 6.355753e-02
1.091056e+01 4.820204e+00 6.459490e-02
1.105876e+01 4.787797e+00 6.564921e-02
1.120897e+01 4.755608e+00 6.672072e-02
1.136123e+01 4.723636e+00 6.780973e-02
1.151555e+01 4.691878e+00 6.891650e-02
1.167196e+01 4.660334e+00 7.004135e-02
1.183051e+01 4.629001e+00 7.118455e-02
1.199120e+01 4.597880e+00 7.234641e-02
1.215408e+01 4.566968e+00 7.352724e-02
1.231917e+01 4.536263e+00 7.472733e-02
1.248650e+01 4.505765e+00 7.594702e-02
1.265611e+01 4.475472e+00 7.718661e-02
1.282802e+01 4.445383e+00 7.844644e-02
1.300226e+01 4.415496e+00 7.972683e-02
1.317887e+01 4.385810e+00 8.102812e-02
1.335788e+01 4.356324e+00 8.235064e-02
1.353933e+01 4.327035e+00 8.369475e-02
1.372323e+01 4.297944e+00 8.506080e-02
1.390964e+01 4.269048e+00 8.644915e-02
1.409857e+01 4.240347e+00 8.786016e-02
1.429008e+01 4.211838e+00 8.929420e-02
1.448418e+01 4.183522e+00 9.075164e-02
1.468092e+01 4.155395e+00 9.223287e-02
1.488033e+01 4.127458e+00 9.373828e-02
1.508246e+01 4.099708e+00 9.526826e-02
1.528732e+01 4.072145e+00 9.682321e-02
1.549497e+01 4.044768e+00 9.840354e-02
1.570544e+01 4.017574e+00 1.000097e-01
1.591877e+01 3.990563e+00 1.016420e-01
1.613500e+01 3.963734e+00 1.033010e-01
1.635416e+01 3.937085e+00 1.049871e-01
1.657630e+01 3.910616e+00 1.067006e-01
1.680146e+01 3.884324e+00 1.084422e-01
1.702968e+01 3.858209e+00 1.102122e-01
1.726099e+01 3.832270e+00 1.120110e-01
1.749545e+01 3.806505e+00 1.138392e-01
1.773310e+01 3.780913e+00 1.156973e-01
1.797397e+01 3.755493e+00 1.175857e-01
1.821811e+01 3.730245e+00 1.195049e-01
1.846557e+01 3.705166e+00 1.214554e-01
1.871639e+01 3.680255e+00 1.234378e-01
1.897062e+01 3.655512e+00 1.254525e-01
1.922830e+01 3.630936e+00 1.275002e-01
1.948948e+01 3.606524e+00 1.295812e-01
1.975421e+01 3.582277e+00 1.316962e-01
2.002253e+01 3.558193e+00 1.338457e-01
2.029450e+01 3.534271e+00 1.360303e-01
2.057016e+01 3.510509e+00 1.382506e-01
2.084957e+01 3.486908e+00 1.405071e-01
2.113277e+01 3.463465e+00 1.428004e-01
2.141982e+01 3.440179e+00 1.451312e-01
2.171077e+01 3.417050e+00 1.475000e-01
2.200567e+01 3.394077e+00 1.499075e-01
2.230457e+01 3.371258e+00 1.523542e-01
2.260754e+01 3.348593e+00 1.548409e-01
2.291462e+01 3.326080e+00 1.573682e-01
2.322587e+01 3.303718e+00 1.599367e-01
2.354135e+01 3.281506e+00 1.625472e-01
2.386112e+01 3.259444e+00 1.652003e-01
2.418523e+01 3.237531e+00 1.678966e-01
2.451374e+01 3.215764e+00 1.706370e-01
2.484671e+01 3.194144e+00 1.734221e-01
2.518421e+01 3.172669e+00 1.762527e-01
2.552629e+01 3.151339e+00 1.791294e-01
2.587302e+01 3.130152e+00 1.820532e-01
2.622445e+01 3.109108e+00 1.850246e-01
2.658066e+01 3.088205e+00 1.880445e-01
2.694171e+01 3.067442e+00 1.911138e-01
2.730767e+01 3.046819e+00 1.942331e-01
2.767859e+01 3.026335e+00 1.974033e-01
2.805455e+01 3.005989e+00 2.006253e-01
2.843562e+01 2.985779e+00 2.038999e-01
2.882186e+01 2.965705e+00 2.072279e-01
2.921336e+01 2.945766e+00 2.106102e-01
2.961016e+01 2.925961e+00 2.140478e-01
3.001236e+01 2.906290e+00 2.175414e-01
3.042003e+01 2.886750e+00 2.210921e-01
3.083322e+01 2.867342e+00 2.247007e-01
3.125204e+01 2.848064e+00 2.283683e-01
3.167654e+01 2.828917e+00 2.320956e-01
3.210680e+01 2.809897e+00 2.358839e-01
3.254291e+01 2.791006e+00 2.397339e-01
3.298495e+01 2.772242e+00 2.436468e-01
3.343299e+01 2.753603e+00 2.476236e-01
3.388711e+01 2.735090e+00 2.516652e-01
3.434741e+01 2.716702e+00 2.557729e-01
3.481395e+01 2.698437e+00 2.599476e-01
3.528683e+01 2.680295e+00 2.641904e-01
3.576614e+01 2.662275e+00 2.685024e-01
3.625196e+01 2.644376e+00 2.728849e-01
3.674437e+01 2.626598e+00 2.773389e-01
3.724348e+01 2.608939e+00 2.818655e-01
3.774936e+01 2.591398e+00 2.864661e-01
3.826211e+01 2.573976e+00 2.911417e-01
3.878183e+01 2.556671e+00 2.958937e-01
3.930861e+01 2.539482e+00 3.007232e-01
3.984255e+01 2.522409e+00 3.056316e-01
4.038373e+01 2.505450e+00 3.106201e-01
4.093227e+01 2.488606e+00 3.156899e-01
4.148826e+01 2.471874e+00 3.208426e-01
4.205180e+01 2.455256e+00 3.260793e-01
4.262299e+01 2.438748e+00 3.314015e-01
4.320195e+01 2.422352e+00 3.368106e-01
4.378877e+01 2.406067e+00 3.423080e-01
4.438355e+01 2.389890e+00 3.478950e-01
4.498642e+01 2.373823e+00 3.535733e-01
4.559748e+01 2.357863e+00 3.593443e-01
4.621683e+01 2.342011e+00 3.652094e-01
4.684460e+01 2.326265e+00 3.711703e-01
4.748090e+01 2.310625e+00 3.772285e-01
4.812584e+01 2.295091e+00 3.833855e-01
4.877954e+01 2.279660e+00 3.896431e-01
4.944212e+01 2.264334e+00 3.960028e-01
5.011370e+01 2.249110e+00 4.024663e-01
5.079440e+01 2.233989e+00 4.090352e-01
5.148435e+01 2.218970e+00 4.157114e-01
5.218366e+01 2.204051e+00 4.224966e-01
5.289248e+01 2.189233e+00 4.293925e-01
5.361093e+01 2.174515e+00 4.364010e-01
5.433913e+01 2.159895e+00 4.435239e-01
5.507723e+01 2.145374e+00 4.507630e-01
5.582535e+01 2.130950e+00 4.581202e-01
5.658363e+01 2.116623e+00 4.655976e-01
5.735222e+01 2.102393e+00 4.731970e-01
5.813124e+01 2.088258e+00 4.809204e-01
5.892084e+01 2.074219e+00 4.887699e-01
5.972117e+01 2.060273e+00 4.967476e-01
6.053237e+01 2.046422e+00 5.048554e-01
6.135459e+01 2.032663e+00 5.130955e-01
6.218798e+01 2.018997e+00 5.214702e-01
6.303269e+01 2.005423e+00 5.299815e-01
6.388887e+01 1.991941e+00 5.386318e-01
6.475668e+01 1.978548e+00 5.474232e-01
6.563628e+01 1.965246e+00 5.563582e-01
6.652782e+01 1.952034e+00 5.654390e-01
6.743148e+01 1.938910e+00 5.746680e-01
6.834741e+01 1.925874e+00 5.840476e-01
6.927578e+01 1.912926e+00 5.935803e-01
7.021677e+01 1.900065e+00 6.032686e-01
7.117053e+01 1.887291e+00 6.131151e-01
7.213725e+01 1.874603e+00 6.231222e-01
7.311710e+01 1.861999e+00 6.332927e-01
7.411026e+01 1.849481e+00 6.436292e-01
7.511691e+01 1.837046e+00 6.541344e-01
7.613723e+01 1.824696e+00 6.648111e-01
7.717141e+01 1.812428e+00 6.756620e-01
7.821964e+01 1.800243e+00 6.866900e-01
7.928211e+01 1.788139e+00 6.978981e-01
8.035901e+01 1.776118e+00 7.092890e-01
8.145054e+01 1.764176e+00 7.208659e-01
8.255689e+01 1.752316e+00 7.326318e-01
8.367827e+01 1.740534e+00 7.445896e-01
8.481488e+01 1.728833e+00 7.567427e-01
8.596694e+01 1.717209e+00 7.690941e-01
8.713464e+01 1.705664e+00 7.816471e-01
8.831820e+01 1.694197e+00 7.944050e-01
8.951784e+01 1.682807e+00 8.073712e-01
9.073377e+01 1.671493e+00 8.205489e-01
9.196622e+01 1.660255e+00 8.339418e-01
9.321541e+01 1.649093e+00 8.475532e-01
9.448156e+01 1.638006e+00 8.613868e-01
9.576492e+01 1.626993e+00 8.754462e-01
9.706571e+01 1.616055e+00 8.897351e-01
9.838416e+01 1.605190e+00 9.042572e-01
9.972053e+01 1.594398e+00 9.190163e-01
1.010750e+02 1.583678e+00 9.340164e-01
1.024480e+02 1.573031e+00 9.492612e-01
1.038395e+02 1.562455e+00 9.647549e-01
1.052500e+02 1.551951e+00 9.805014e-01
1.066796e+02 1.541517e+00 9.965050e-01
1.081287e+02 1.531153e+00 1.012770e+00
1.095974e+02 1.520859e+00 1.029300e+00
1.110861e+02 1.510634e+00 1.046100e+00
1.125950e+02 1.500478e+00 1.063174e+00
1.141244e+02 1.490390e+00 1.080527e+00
1.156745e+02 1.480370e+00 1.098163e+00
1.172457e+02 1.470417e+00 1.116087e+00
1.188383e+02 1.460531e+00 1.134304e+00
1.204525e+02 1.450712e+00 1.152818e+00
1.220886e+02 1.440958e+00 1.171634e+00
1.237470e+02 1.431270e+00 1.190757e+00
1.254278e+02 1.421648e+00 1.210193e+00
1.271315e+02 1.412090e+00 1.229945e+00
1.288584e+02 1.402596e+00 1.250020e+00
1.306087e+02 1.393166e+00 1.270423e+00
1.323828e+02 1.383800e+00 1.291158e+00
1.341809e+02 1.374496e+00 1.312232e+00
1.360035e+02 1.365255e+00 1.333650e+00
1.378509e+02 1.356077e+00 1.355418e+00
1.397233e+02 1.346959e+00 1.377541e+00
1.416212e+02 1.337904e+00 1.400025e+00
1.435449e+02 1.328909e+00 1.422876e+00
1.454947e+02 1.319974e+00 1.446100e+00
1.474709e+02 1.311100e+00 1.469703e+00
1.494741e+02 1.302285e+00 1.493691e+00
1.515044e+02 1.176533e+00 1.518071e+00
1.535623e+02 1.028040e+00 1.542848e+00
1.556481e+02 8.982898e-01 1.568030e+00
1.577623e+02 7.849151e-01 1.593624e+00
1.599052e+02 6.858497e-01 1.619634e+00
1.620773e+02 5.992875e-01 1.646070e+00
1.642788e+02 5.236504e-01 1.672937e+00
1.665102e+02 4.575596e-01 1.700242e+00
1.687719e+02 3.998103e-01 1.727993e+00
1.710644e+02 3.493496e-01 1.756197e+00
1.733880e+02 3.052576e-01 1.784861e+00
1.757431e+02 2.667305e-01 1.813994e+00
1.781303e+02 2.330660e-01 1.843601e+00
1.805498e+02 2.036504e-01 1.873692e+00
1.830023e+02 1.779473e-01 1.904274e+00
1.854880e+02 1.554883e-01 1.935355e+00
1.880075e+02 1.358639e-01 1.966944e+00
1.905612e+02 1.187163e-01 1.999048e+00
1.931497e+02 1.037329e-01 2.031676e+00
1.957732e+02 9.064059e-02 2.064837e+00
1.984325e+02 7.920069e-02 2.098539e+00
2.011278e+02 6.920464e-02 2.132791e+00
2.038597e+02 6.047021e-02 2.167602e+00
2.066288e+02 5.283816e-02 2.202981e+00
2.094355e+02 4.616937e-02 2.238938e+00
2.122802e+02 4.034226e-02 2.275481e+00
2.151637e+02 3.525060e-02 2.312621e+00
2.180863e+02 3.080156e-02 2.350367e+00
2.210486e+02 2.691404e-02 2.388730e+00
2.240511e+02 2.351718e-02 2.427718e+00
2.270944e+02 2.054904e-02 2.467343e+00
2.301791e+02 1.795551e-02 2.507614e+00
2.333056e+02 1.568931e-02 2.548543e+00
2.364746e+02 1.370914e-02 2.590140e+00
2.396867e+02 1.197889e-02 2.632416e+00
2.429424e+02 1.046701e-02 2.675382e+00
2.462423e+02 9.145953e-03 2.719049e+00
2.495871e+02 7.991627e-03 2.763429e+00
2.529772e+02 6.982991e-03 2.808533e+00
2.564135e+02 6.101656e-03 2.854373e+00
2.598964e+02 5.331556e-03 2.900962e+00
2.634266e+02 4.658651e-03 2.948311e+00
2.670047e+02 4.070675e-03 2.996432e+00
2.706315e+02 3.556909e-03 3.045340e+00
2.743075e+02 3.107985e-03 3.095045e+00
2.780335e+02 2.715721e-03 3.145562e+00
2.818100e+02 2.372966e-03 3.196903e+00
2.856379e+02 2.073470e-03 3.249082e+00
2.895178e+02 1.811774e-03 3.302113e+00
2.934503e+02 1.583107e-03 3.356010e+00
2.974363e+02 1.383300e-03 3.410786e+00
3.014764e+02 1.208712e-03 3.466456e+00
3.055714e+02 1.056158e-03 3.523035e+00
3.097220e+02 9.228587e-04 3.580538e+00
3.139290e+02 8.063832e-04 3.638978e+00
3.181931e+02 7.046082e-04 3.698373e+00
3.225152e+02 6.156785e-04 3.758737e+00
3.268960e+02 5.379727e-04 3.820087e+00
3.313362e+02 4.700742e-04 3.882438e+00
3.358368e+02 4.107454e-04 3.945806e+00
3.403985e+02 3.589045e-04 4.010209e+00
3.450222e+02 3.136066e-04 4.075663e+00
3.497087e+02 2.740258e-04 4.142185e+00
3.544588e+02 2.394406e-04 4.209793e+00
3.592735e+02 2.092204e-04 4.278504e+00
3.641536e+02 1.828143e-04 4.348337e+00
3.690999e+02 1.597410e-04 4.419310e+00
3.741135e+02 1.395798e-04 4.491441e+00
3.791951e+02 1.219632e-04 4.564750e+00
3.843457e+02 1.065701e-04 4.639255e+00
3.895664e+02 9.311968e-05 4.714976e+00
3.948579e+02 8.136689e-05 4.791933e+00
4.002213e+02 7.109744e-05 4.870146e+00
4.056576e+02 6.212411e-05 4.949636e+00
4.111677e+02 5.428333e-05 5.030423e+00
4.167526e+02 4.743214e-05 5.112528e+00
4.224134e+02 4.144565e-05 5.195974e+00
4.281511e+02 3.621473e-05 5.280782e+00
4.339667e+02 3.164401e-05 5.366974e+00
4.398614e+02 2.765016e-05 5.454573e+00
4.458361e+02 2.416039e-05 5.543601e+00
4.518919e+02 2.111107e-05 5.634083e+00
4.580300e+02 1.844661e-05 5.726041e+00
4.642515e+02 1.611843e-05 5.819501e+00
4.705575e+02 1.408410e-05 5.914486e+00
4.769491e+02 1.230652e-05 6.011021e+00
4.834276e+02 1.075329e-05 6.109132e+00
4.899941e+02 9.396102e-06 6.208844e+00
4.966497e+02 8.210204e-06 6.310183e+00
