CW_Tau           7.20  0.24  0.26  7.66  0.15  0.38
HN_Tau_A         7.61  0.19  1.18  6.21  1.63  2.94
LkCa_15          6.36  0.27  0.24  6.74  0.19  0.24
DL_Tau           6.51  0.28  0.26  6.84  0.23  0.28
CI_Tau           6.32  0.28  0.23  6.53  0.32  0.25
GM_Aur           6.48  0.28  0.26  6.80  0.16  0.21
GK_Tau           6.00  0.21  0.22  6.05  0.18  0.18
DK_Tau_A         6.32  0.26  0.22  6.34  0.29  0.22
Haro_6-13        6.22  0.24  0.23  6.58  0.28  0.26
IRAS_04385+2550  6.35  0.26  0.21  6.35  0.25  0.20
DN_Tau           6.11  0.21  0.37  6.42  0.27  0.24
DS_Tau           6.81  0.29  0.26  7.19  0.20  0.28
BP_Tau           6.44  0.26  0.23  6.86  0.37  0.13
AA_Tau           6.38  0.25  0.22  6.81  0.30  0.25
IP_Tau           6.50  0.25  0.23  6.93  0.20  0.23
HK_Tau_A         6.33  0.23  0.25  6.36  0.19  0.18
IQ_Tau           6.89  0.27  0.25  7.33  0.21  0.29
DK_Tau_B         6.55  0.24  0.21  6.99  0.29  0.30
IRAS_04200+2759  6.42  0.22  0.24  6.57  0.21  0.20
CY_Tau           6.39  0.21  0.34  5.98  0.38  0.34
DE_Tau           5.57  0.49  0.47  5.81  0.42  0.49
GO_Tau           6.56  0.22  0.20  6.65  0.21  0.19
CX_Tau           6.23  0.24  0.47  6.32  0.18  0.37
FP_Tau           6.53  0.22  0.21  6.52  0.19  0.17
DM_Tau           6.70  0.23  0.20  7.14  0.31  0.25
HO_Tau           6.54  0.20  0.27  6.75  0.21  0.20
V710_Tau_A       5.64  0.35  0.34  6.64  0.21  0.21
FM_Tau           6.67  0.18  0.25  7.01  0.22  0.20
